0.00686266
0.00761751
0.00792067
0.00889418
0.00967167
0.01010514
0.01262646
0.01230011
0.01225925
0.01273579
0.01301962
0.01324326
0.01391914
0.01396719
0.01453705
0.01510691
0.01553210
0.01610749
0.01646200
0.01702413
0.01764093
0.01810367
0.01837811
0.01843057
0.01807771
0.01796893
0.01809097
0.01865752
0.01969122
0.01989222
0.02094802
0.02135277
0.02055982
0.02012304
0.02001094
0.01986848
0.01984032
0.02026219
0.02073984
0.02137818
0.02212750
0.02323796
0.02412755
0.02394588
0.02416454
0.02412534
0.02412092
0.02366702
0.02331858
0.02306181
0.02192871
0.02072659
0.01948526
0.01810532
0.01657520
0.01478830
0.01256572
